#没有任何限制情况下
HTTP请求	6000	43	40	68	81	111	3	189	0.0	969.6186166774402	170.21193994424695	129.7243657078216

#sync
HTTP请求	6000	87	85	160	177	207	2	287	0.0	517.8663904712583	90.90898363326428	69.2848588814086

#ReentrantLock
HTTP请求	6000	92	91	116	122	133	5	140	0.0	498.2974835977078	87.47375503488082	66.66675317664645

#update one
HTTP请求	6000	70	56	103	127	233	5	1340	0.0	674.4604316546763	117.24019222122301	90.23542884442445

#for update
HTTP请求	6000	107	98	158	220	279	4	460	0.0	426.7425320056899	74.17985419630156	57.09348328591749

#cas
HTTP请求	6000	110	80	263	311	378	2	465	0.0	409.109504977499	71.11473816991682	55.93294013364244

#redis lock
HTTP请求	6000	82	2	52	217	2288	1	9162	0.0	407.5256401548598	70.83941791754397	55.716396114922226

#redis lua实现的lock
HTTP请求	6000	76	2	54	264	1980	1	10177	0.0	445.5335263978614	77.44625751837826	60.912786812207614

#redisson
HTTP请求	6000	52	3	177	308	633	1	1539	0.0	779.2207792207793	135.450487012987	106.5340909090909

#zookeeper实现分布式锁
HTTP请求	6000	98	2	3	104	3547	1	12258	0.0	335.3266640585704	58.28920527580618	45.84544235175767

#zookeeper临时顺序节点实现分布式锁
HTTP请求	6000	102	89	135	245	290	3	352	0.0	451.56920298035675	78.49542786181982	61.737976969970646

#curator分布式锁
HTTP请求	6000	104	93	117	259	355	3	438	0.0	437.4134285922578	76.03475614201356	59.80261719034774

#mysql悲观锁
HTTP请求	6000	86	72	119	132	215	3	1470	0.0	549.6518871381459	95.5449569439355	75.14771894466837

#mysql唯一索引
HTTP请求	6000	155	4	321	1018	3198	2	6799	0.0	260.99438862064466	45.368165209447994	35.68282656922876

#etcd实现分布式锁
HTTP请求	6000	161	4	326	1088	2894	2	9097	0.0	253.17523946158065	44.00897717203257	34.61380227013798
